Liber Θ1ἱ111111, ,111
1-11111111111111, 11111 1111111111 11611111εὲ11 111,
11111· 1111111111( 1111111,111,,1ε11,11111,1111111
1111111111,111111111111111111111111111111111

,1111111111111111,1111111311,1111111111 ,

11111111111111111111111111111111111 0111111 111111,
’111111111111111111111111 1111111111
1111.11111111111111,111111111111111111111111111
- 11111111 5111111111 191111 1111111111
111111 11101111,11 1111111,111111111,1111111
1111111111111111111,11,111111ν1111.1ὶ1-
,11111111111111 111111111111111111111111,
11111111, 1111 ,1111 11111111, 1111111111111111,
domusruina, 111111111111 1111131111111,
111111,1111111,11”11111 , 1111111111 generis 1111111111
11111111111111111111111111.’1111 ,1111111111
1111111111,111111111111111111111111111111111111-
11, 111111 11111111 111111111111111111111,,11’111111111111-
11111111101111111111 (1111111111111111111111111
11111131111111111111111111,[11111111111111111111
1111111111 ,111111111111111111111 1111111111 ’
(1111111111111111 111111111111111111111
111111,11111,1111111111111,1111111111 ,
111111111111 1111111111, 1111111111111111111111 J
1111111111 ,111 11, 11 111111111111111111111111111
111111,1]111111111 11111111111111111 Μκ11111
pende3.H 1111111, (1111111111 1111111111111-
11111111111111111111111111111111111118, (3111111 s,
11111110111111111111111,[1111111111 cum su m

111 p udentiaexpeHabant, 11)τὲκὶ 111111111ἑ1111
2 11.

 

