[11111111111116 ’ 7,
11111111111111111111111111111111111111111111
11111111111111111111111111111111111111,11-
1111111111111111111111111, 111111111111111111
111111 1111111111-1111111111111 111 {quarn 11111111 de
11111111111111111111111111,1111111111111111
1111111111 11111111111111111 corporibus 11-
1111 mutanones. Ν111ς11111111111111111111
111111111111111111111111,11“11111111111111

1111111111. 1111111111 11111111 1111 1111 1111111 ,,

11,111111,11’111111111111111.1111111111,
1111111ῖό 1111111111111111111111111111111-111
1111111111 1111111111111 11111111 1111
1111111111..1·11.111111111111, 11111111111111111
· 11111111 1111111 131111111111111111111111111
111111111111111111111111111111111111111111
11 1111111.1111111111111111111111 (11111111 fe
1111111 111111 11 1111111111111 111 11 111 v„
111,111111.11111111σ11,1111117
111111 1111111111 111 1111111111 1111111111-
1111·1111111111111111111,111111111111111
11111111,Ῑ.1111111’111 11111 primum,
11111111113111111·11’1111111111111
1111111111 111 11111111, 111111111111111111-
111111111111111111111111111 111111111111111111·
11111,111111111111111111111 111111111111111611111,
111111 1111111111111111111111 11111111 11111111
111111111111111111 1111111111111
tes 1111111 11111111 11111.11’11111111,111111
11111111111111111111 1111111111 1111111 111111

dicam)

’t‘

 

