egocrebriw 0111111111111 con
111111111011111111113111111111111
11111111111111111111111111111111
1111111111111111 ae 111 1111111111-
1 1111111191111111111111111 ’1111111111
111111111111111111 1111111111 101111
1111111101111111 11111 1113
11111111111111111,1111111111
1111111111 11111111 1111111111 v
11111111 11111 11 ..1111111 111111

11111111 11111111111111 1111111911
111111111101111111111111 1111111111.
eadem 11111111 1111111111, 111111111-
1111111111 [111111111111111.

’11111 1111111 MD XCH.

 

