1110111011. - 19

11111111 1011111151111111511111111100111101101111111
111-11111111111110110111111111111111011111111111

1111 01111111 11110 111 111111 11111111, 1³11· 11111111, 11111111 1,
11111111111111110111111,111111111011111111111,

11101111101111111100111101111111110111111111
1101 01010111101111101 1110111 ’10111 1511, 061-

0111111110 &1 1111111111Μο 11111111111111111
11111 ’11111 11¹1 ⁴1411111111111111111 1111101 1011111001. 111111

1111001111· (111111, 111111 11101111
11. 11011111 01111101110111111

11111109
1110100111, 111111 11 1,. ” 1· ’

11110011. 3111111111 11111Μ101111111111011111·
1111111111· 1111 1111 10011110111111111
9.(11111101111110 1011111111. 1115011111 1011
111115110111111 0111 011110110011101001
1111111111 0111 1111111111.18111111111111111111111111-
110 11101111 111 11 11111111 11011111 111101 110111 10111. 11111-
1111011111. Qod510113111111111111114311111·
1111111 mese 110. 11111111111111,
11110011111161111110151111 11 ,9
11111111;0.Ο1111101111111011011111111
1110111011111111111 1111 110111,111111
0010110111. 11111111 1011111. 11511111 1111111111 111
0000111111111 1011111011 ’1 111-1010010111 1111111110·
(1101011000 101111111511110111,1111110111111
· ΐ1111111ἰ’3 11Ρ111631ῃ1ν11111 Verbg 0131310] <Q
C 3 fiquis

 

